35.3097267,-80.7421897
35.3095975,-80.7421628
35.3095816,-80.7421166
35.3095833,-80.7418906
35.3095652,-80.7418215
35.3094771,-80.7418215
35.3092615,-80.7415801
35.3091204,-80.7415801
35.3089135,-80.7417639
35.3092946,-80.7413815
35.3091204,-80.7415801
35.3089135,-80.7417639
35.3088205,-80.7417618
35.3087658,-80.7417967
35.3087067,-80.7418758
35.3087045,-80.7419764
35.3087888,-80.7419737
35.3088325,-80.7419456
35.3087061,-80.7418966
35.3085797,-80.7418852
35.3085064,-80.7419013
35.3084057,-80.741908
35.3083784,-80.7417699
35.3083472,-80.7416566
35.3083784,-80.7415761
35.3085217,-80.7414192
35.3086033,-80.7413287
35.3087017,-80.7412375
35.3088254,-80.7411128
35.3088987,-80.7410383
35.3089633,-80.7410309
35.3089666,-80.7411597
35.3091204,-80.7415801
35.3092946,-80.7413815
35.3092134,-80.7412408
35.3091565,-80.7411435
35.3091204,-80.7410691
35.3090848,-80.7409893
35.3090383,-80.7409089
35.3090033,-80.7408834
35.3089633,-80.7410309
35.3088987,-80.7410383
35.3087685,-80.7408398
35.3086744,-80.740703
35.3086832,-80.7406219
35.3088118,-80.7406802
35.3088785,-80.7407291
35.3089409,-80.7407895
35.3089967,-80.7408579
35.3090033,-80.7408834
35.3095496,-80.74112
35.3094522,-80.7409682
35.3093985,-80.7408582
35.3093602,-80.7407523
35.3093372,-80.7406329
35.3092836,-80.7405753
35.3092431,-80.7406477
35.3091216,-80.7406866
35.3090319,-80.7407215
35.3089783,-80.7406638
35.3089208,-80.7407697
35.3086832,-80.7406219
35.3087008,-80.7405464
35.3087173,-80.7404841
35.3088623,-80.7405169
35.3089651,-80.7405914
35.3089783,-80.7406638
35.3089783,-80.7406638
35.3090428,-80.7405133
35.309086,-80.7404268
35.3091648,-80.7403772
35.3092272,-80.7405213
35.3092836,-80.7405753
35.3089651,-80.7405914
35.3090231,-80.7405562
35.3091648,-80.7403772
35.3091046,-80.7403088
35.309326,-80.7429528
35.3092701,-80.7428911
35.3092089,-80.7427986
35.3091618,-80.7427154
35.309095,-80.7426336
35.3090337,-80.7425693
35.3089834,-80.7424875
35.3089199,-80.7423882
35.3088488,-80.7422689
35.3087744,-80.742183
35.3087437,-80.7421602
35.3087634,-80.7421106
35.3087591,-80.7420301
35.3087623,-80.7419765
35.3087437,-80.7421602
35.3086146,-80.7420771
35.3085801,-80.7420402
35.3085478,-80.7419832
35.3085281,-80.7418967
35.3115027,-80.7427837
35.3114064,-80.7428883
35.3113352,-80.7429607
35.3112663,-80.7430264
35.3111579,-80.7431471
35.3110616,-80.7432397
35.3110397,-80.7432665
35.3109205,-80.7430948
35.3109927,-80.7430023
35.311112,-80.7428829
35.3111864,-80.7428078
35.3112575,-80.7427314
35.3113276,-80.7426536
35.3114304,-80.7425477
35.3115191,-80.7424551
35.3115815,-80.7423975
35.3109205,-80.7430948
35.3108482,-80.743017
35.3107913,-80.7429352
35.310869,-80.7428481
35.3109577,-80.7427488
35.3110967,-80.7425986
35.3111864,-80.7425155
35.3113035,-80.7423961
35.3114151,-80.7422781
35.3114578,-80.7422231
35.3109205,-80.7430948
35.3108274,-80.7431847
35.3107322,-80.7432759
35.3106622,-80.743351
35.3105878,-80.7434288
35.3104936,-80.7435173
35.3104105,-80.7436085
35.3103372,-80.7436822
35.3102529,-80.7437694
35.310185,-80.7438311
35.3100986,-80.7439317
35.3100231,-80.7439987
35.3099082,-80.7441154
35.3098348,-80.7441905
35.309756,-80.744267
35.3096663,-80.7441369
35.3095853,-80.7440256
35.3095262,-80.743933
35.3094759,-80.7439558
35.3094135,-80.7440189
35.3093434,-80.744098
35.3092646,-80.7441798
35.3093106,-80.7442495
35.3093675,-80.744326
35.3094255,-80.7444185
35.3094857,-80.744499
35.3095142,-80.7445405
35.3096488,-80.7443903
35.309709,-80.7443273
35.309756,-80.7442683
35.3095142,-80.7445405
35.3093949,-80.7446532
35.3093511,-80.7446988
35.309304,-80.7447444
35.3092559,-80.74468
35.3091924,-80.7445794
35.3091618,-80.7444775
35.3091662,-80.7443863
35.3091957,-80.7442616
35.309199,-80.7442254
35.3091508,-80.7441878
35.3091278,-80.7441784
35.3091038,-80.7442415
35.3090666,-80.7443139
35.3090118,-80.744224
35.309199,-80.7442415
35.3092406,-80.7442173
35.3092646,-80.7441798
35.3095262,-80.743933
35.3094441,-80.7437734
35.3093179,-80.7429641
35.3100307,-80.7439893
35.3098567,-80.7437426
35.3097768,-80.7436313
35.3097254,-80.7435468
35.3096356,-80.7434207
35.3095656,-80.7433161
35.3095076,-80.7432303
35.3094529,-80.7431525
35.3093774,-80.7430519
35.309326,-80.7429528
35.3120106,-80.7403068
35.3120284,-80.740197
35.3120557,-80.74013
35.3121794,-80.7401675
35.3122648,-80.7402064
35.3123381,-80.7402641
35.3124278,-80.7403459
35.3124793,-80.7404304
35.3125537,-80.7405216
35.3126139,-80.7406235
35.3126708,-80.7407
35.3127408,-80.7408019
35.3127977,-80.7408823
35.312847,-80.7409454
35.3129028,-80.740991
35.3129301,-80.7409923
35.3129794,-80.7410621
35.3130242,-80.7411224
35.3130461,-80.7411519
35.3129838,-80.7412243
35.3129476,-80.7412646
35.312905,-80.7413075
35.3128273,-80.7413853
35.3127627,-80.7414456
35.3127047,-80.74151
35.3126368,-80.741577
35.3126193,-80.7415965
35.3126626,-80.7416582
35.312708,-80.7417185
35.3126155,-80.7418171
35.3124935,-80.7419418
35.3124371,-80.7418935
35.3123917,-80.7418325
35.3123375,-80.7417521
35.3122713,-80.7416642
35.3122046,-80.7415703
35.3121469,-80.741497
35.3123917,-80.7418325
35.3122981,-80.7419365
35.3122462,-80.7420002
35.312221,-80.742025
35.3121799,-80.741968
35.312146,-80.7419157
35.3121115,-80.7418768
35.3120957,-80.7418493
35.3121871,-80.7417547
35.3122379,-80.7416964
35.3122713,-80.7416642
35.3120957,-80.7418493
35.3121094,-80.7416991
35.3121154,-80.7416106
35.3121028,-80.7415797
35.3120864,-80.7415636
35.3120957,-80.7418493
35.3120557,-80.7418801
35.3120043,-80.7418828
35.311943,-80.7418761
35.3118921,-80.7418768
35.3118615,-80.7418379
35.3118355,-80.7418169
35.3119099,-80.7417498
35.3117318,-80.7420551
35.3117121,-80.7421376
35.3117066,-80.7421986
35.3116847,-80.7422644
35.3116536,-80.7423126
35.3116158,-80.7423562
35.3115815,-80.7423975
35.3117084,-80.7425718
35.3117611,-80.7426008
35.3118016,-80.7425646
35.3118267,-80.7426008
35.3118448,-80.7425894
35.3118634,-80.7426176
35.3118464,-80.7426377
35.3118667,-80.7426685
35.3118787,-80.7426518
35.3119044,-80.7426947
35.3118612,-80.7427564
35.3116559,-80.7429808
35.3119044,-80.7426947
35.311946,-80.7427336
35.3119761,-80.7426987
35.312021,-80.7426504
35.3120686,-80.7426035
35.3120987,-80.74257
35.3120691,-80.742523
35.3120232,-80.7424774
35.3120106,-80.7424714
35.3119597,-80.74246
35.3119099,-80.7424587
35.3118743,-80.7424882
35.3118289,-80.7425378
35.3118016,-80.7425646
35.3117084,-80.7425718
35.3117939,-80.7424794
35.3118404,-80.742458
35.3119099,-80.7424587
35.3123917,-80.7418325
35.3125117,-80.7417107
35.3125948,-80.7416302
35.3126193,-80.7415965
35.3122713,-80.7416642
35.3123973,-80.741541
35.3124646,-80.7414619
35.3125237,-80.7413995
35.3125987,-80.7413231
35.312649,-80.7412688
35.3127021,-80.7412165
35.3127738,-80.7411407
35.3128307,-80.7410871
35.3128849,-80.7410234
35.3129028,-80.740991
35.312492,-80.7414331
35.3124619,-80.7413828
35.3124318,-80.7413425
35.3124017,-80.7412949
35.3123716,-80.7412681
35.3123163,-80.7413352
35.3122775,-80.74137
35.3122343,-80.7414176
35.3121845,-80.7414706
35.3121469,-80.741497
35.312782,-80.7408611
35.312718,-80.7409174
35.312672,-80.7409623
35.3126271,-80.7410113
35.3125877,-80.7410576
35.3125516,-80.7410938
35.3125177,-80.7411266
35.3124564,-80.741189
35.3124143,-80.7412292
35.3123716,-80.7412681
35.3115997,-80.7407085
35.3116953,-80.7406056
35.3117516,-80.7405198
35.3117921,-80.7404487
35.3118348,-80.7403749
35.3118633,-80.7403059
35.3118884,-80.7402435
35.3119098,-80.7401684
35.3119284,-80.7401081
35.3119371,-80.7400839
35.3119946,-80.7401094
35.3120557,-80.74013
35.3119371,-80.7400839
35.3119576,-80.7400057
35.3119456,-80.7399239
35.3119083,-80.7398635
35.3118591,-80.7398072
35.3118252,-80.7397804
35.3117573,-80.7397455
35.3116785,-80.7397213
35.3116096,-80.7396999
35.311545,-80.7396798
35.3114936,-80.7396583
35.3114093,-80.7396087
35.3113436,-80.7395537
35.3112889,-80.7394947
35.3112331,-80.7394209
35.3111675,-80.7393297
35.311093,-80.7392238
35.3110372,-80.7391313
35.3109442,-80.7390025
35.3108796,-80.7389073
35.3108282,-80.7388376
35.3107724,-80.7387584
35.3107002,-80.7386391
35.3106203,-80.7385197
35.3105535,-80.7384178
35.3105075,-80.7383802
35.3103992,-80.7384969
35.3103062,-80.7385948
35.3102383,-80.7386565
35.3101705,-80.7387289
35.3100993,-80.7388027
35.3100391,-80.7388711
35.30998,-80.7389408
35.3099034,-80.739024
35.3098345,-80.7390951
35.3097426,-80.7391862
35.3096528,-80.7392815
35.3095981,-80.7393405
35.3094985,-80.7394303
35.3094252,-80.739543
35.3093869,-80.7396717
35.3093573,-80.739775
35.3093487,-80.7398313
35.3090164,-80.7399869
35.3090963,-80.7399198
35.3091105,-80.7398152
35.3091094,-80.7397428
35.3092287,-80.7395323
35.3092954,-80.7394451
35.3093611,-80.7393834
35.3094257,-80.7393592
35.3095056,-80.7394209
35.3124793,-80.7404304
35.3125633,-80.7403324
35.3121846,-80.7337105
35.3121408,-80.7331801
35.3120593,-80.7331882
35.3120631,-80.7332787
35.3120265,-80.7332754
35.3120057,-80.7334524
35.3119307,-80.733614
35.3119236,-80.733732
35.3119214,-80.7337588
35.3117901,-80.7337561
35.3116259,-80.7337561
35.3115351,-80.7337568
35.3114355,-80.7337555
35.3112298,-80.7337535
35.3110837,-80.7337515
35.3089135,-80.7417639
35.3089059,-80.7418222
35.30889,-80.7418664
35.3088643,-80.7419167
35.3088325,-80.7419456
35.3093179,-80.7429641
35.3093461,-80.7429323
35.3093768,-80.7428968
35.3094063,-80.742864
35.3094435,-80.7428217
35.3094769,-80.7427969
35.3095043,-80.7427694
35.3095295,-80.7427258
35.3095546,-80.7426822
35.3095798,-80.7426065
35.3095968,-80.7425361
35.3096083,-80.7424703
35.3096121,-80.742416
35.3096208,-80.7423912
35.309646,-80.742347
35.3096876,-80.7422913
35.3097254,-80.7422356
35.3097347,-80.742123
35.3097451,-80.7420372
35.3097675,-80.7419587
35.3097883,-80.7419104
35.3098082,-80.7418483
35.3098082,-80.7418483
35.3098622,-80.7418702
35.309901,-80.7418762
35.3099486,-80.7418937
35.3099913,-80.741901
35.3100373,-80.7419024
35.3100838,-80.7419091
35.310127,-80.7419131
35.3101658,-80.7419138
35.3102091,-80.7419144
35.3102534,-80.7419098
35.310318,-80.7419044
35.3103585,-80.7419004
35.3104,-80.741899
35.3104411,-80.7418984
35.3104767,-80.7418943
35.3104976,-80.7418885
35.3104976,-80.7418885
35.3105303,-80.7419017
35.3105571,-80.7419037
35.3105899,-80.7419024
35.3106145,-80.741897
35.3106414,-80.7418903
35.310672,-80.7418863
35.3106971,-80.7418793
35.3086832,-80.7406219
35.3086298,-80.7406139
35.3085718,-80.7406058
35.3085226,-80.7406031
35.3084651,-80.7406045
35.3083956,-80.7406085
35.3083475,-80.7406118
35.3082906,-80.7406065
35.3082457,-80.7406011
35.3081959,-80.7405958
35.308156,-80.7405857
35.3081073,-80.7405736
35.3080531,-80.7405562
35.3080055,-80.7405401
35.3079672,-80.74052
35.3079125,-80.7404972
35.3078659,-80.740473
35.3078254,-80.7404402
35.307785,-80.74041
35.3077346,-80.7403684
35.3076941,-80.7403322
35.3076558,-80.7402913
35.3076142,-80.7402457
35.3075814,-80.7402021
35.3075475,-80.7401565
35.3075168,-80.7401203
35.3074873,-80.7400741
35.3074643,-80.7400365
35.3074577,-80.7399963
35.3074369,-80.7399634
35.3074079,-80.7399272
35.3073789,-80.7398602
35.3073548,-80.7397911
35.3073384,-80.7397435
35.3073247,-80.7396959
35.3073105,-80.7396583
35.3073001,-80.7396261
35.307287,-80.7395825
35.3072689,-80.7395175
35.3072558,-80.7394551
35.3072481,-80.7394035
35.3072416,-80.7393452
35.3072394,-80.7392835
35.3072153,-80.7392258
35.3072131,-80.7391688
35.307212,-80.7391071
35.3072164,-80.7390615
35.3072175,-80.73903
35.3072443,-80.7390005
35.3072678,-80.7389174
35.307275,-80.7388677
35.3072897,-80.738806
35.3073018,-80.7387544
35.3073176,-80.7387135
35.3073313,-80.7386706
35.3073527,-80.738625
35.3073849,-80.7385432
35.3074123,-80.7384942
35.3074123,-80.7384942
35.3074456,-80.7384319
35.3074795,-80.7383836
35.3075047,-80.7383481
35.307526,-80.7383192
35.307549,-80.7382884
35.3075714,-80.7382582
35.3075906,-80.7382327
35.3076163,-80.7382012
35.3076377,-80.7381724
35.3076688,-80.7381382
35.3077033,-80.7380913
35.3077351,-80.7380483
35.3077706,-80.7380041
35.3077985,-80.7379645
35.3078237,-80.7379203
35.3078472,-80.7378727
35.3078653,-80.7378297
35.3078823,-80.7377815
35.307897,-80.7377265
35.307914,-80.7376634
35.3079238,-80.7376165
35.3079299,-80.7375709
35.3079337,-80.7375179
35.307931,-80.7374623
35.3079299,-80.7373959
35.3079249,-80.7373376
35.3079173,-80.7372685
35.3079047,-80.7372216
35.3078905,-80.7371726
35.3078768,-80.7371196
35.3078762,-80.7370861
35.3078746,-80.7370372
35.3078664,-80.7369862
35.3078653,-80.7369426
35.3078615,-80.7369004
35.3078598,-80.7368554
35.3078576,-80.7368058
35.3078571,-80.7367649
35.307856,-80.7367093
35.307856,-80.736669
35.307856,-80.736669
35.3078553,-80.7366073
35.3078843,-80.7366067
35.3079215,-80.7366154
35.3079604,-80.7366248
35.3080118,-80.7366335
35.3080375,-80.7366415
35.3080474,-80.7366496
35.308043,-80.7367119
35.308043,-80.7367622
35.3080458,-80.7368179
35.3080468,-80.7368648
35.3080496,-80.7369165
35.3080534,-80.7369641
35.3080534,-80.737009
35.308054,-80.7370419
35.3080523,-80.7370774
35.3080545,-80.7371136
35.3080529,-80.7371538
35.3080496,-80.737184
35.3080452,-80.7372169
35.3080441,-80.7372397
35.3080403,-80.7372886
35.3080386,-80.7373302
35.3080386,-80.7373302
35.3080436,-80.7374013
35.3080452,-80.7374603
35.3080452,-80.7375179
35.3080458,-80.7375736
35.3080392,-80.7376071
35.3080321,-80.737648
35.3080261,-80.737699
35.3080135,-80.7377433
35.3080042,-80.7377781
35.3079965,-80.7378224
35.3079828,-80.7378559
35.307968,-80.7378821
35.3079538,-80.7379169
35.3079418,-80.7379531
35.307921,-80.737988
35.3079062,-80.7380128
35.3078849,-80.7380504
35.3078635,-80.7380799
35.3078367,-80.7381208
35.3078033,-80.738155
35.3077743,-80.7381912
35.3077371,-80.7382448
35.3077032,-80.7382904
35.3076676,-80.738332
35.3076353,-80.7383789
35.307608,-80.7384118
35.3075823,-80.7384467
35.3075549,-80.7384862
35.3075363,-80.7385211
35.30751,-80.7385647
35.3074903,-80.7386016
35.3074723,-80.7386431
35.3074564,-80.7386834
35.3074422,-80.7387176
35.3074274,-80.7387632
35.3074082,-80.7388202
35.3073951,-80.7388651
35.3073814,-80.7389355
35.307371,-80.7389972
35.3073661,-80.7390401
35.3073623,-80.7391038
35.3073585,-80.7391642
35.3073612,-80.7392205
35.3073639,-80.7392714
35.3073699,-80.7393318
35.3073771,-80.7393828
35.3073885,-80.7394371
35.3073979,-80.739482
35.3074082,-80.7395356
35.3074208,-80.7395826
35.3074318,-80.7396215
35.3074476,-80.7396657
35.307458,-80.7397013
35.3074739,-80.7397395
35.3075024,-80.7398139
35.3075286,-80.7398696
35.3075527,-80.7399185
35.3075762,-80.7399635
35.3076003,-80.7400003
35.3076255,-80.7400392
35.3076463,-80.7400681
35.3076709,-80.7401029
35.3076868,-80.7401204
35.3077087,-80.7401432
35.3077295,-80.740168
35.3077617,-80.7402055
35.3077913,-80.7402297
35.3078159,-80.7402504
35.3078542,-80.7402846
35.3078887,-80.7403028
35.3079089,-80.7403202
35.3079396,-80.7403403
35.3079675,-80.740353
35.3079856,-80.7403624
35.308014,-80.7403792
35.3080403,-80.7403906
35.3080715,-80.7404027
35.3081076,-80.7404174
35.3081415,-80.7404322
35.3081765,-80.7404395
35.308222,-80.7404503
35.3082624,-80.7404556
35.3082975,-80.740459
35.3083336,-80.7404603
35.3083533,-80.7404644
35.3083943,-80.7404664
35.308425,-80.740463
35.3084545,-80.7404617
35.3084813,-80.7404617
35.3085103,-80.740461
35.3085432,-80.740459
35.3085847,-80.740461
35.3086116,-80.740465
35.3086422,-80.740469
35.308675,-80.7404758
35.308698,-80.7404825
35.3087173,-80.7404841
35.3097214,-80.7392115
35.3097011,-80.7391686
35.3097017,-80.7391196
35.3097088,-80.7390539
35.3097279,-80.7389922
35.3097372,-80.7389587
35.3097044,-80.7388561
35.3098259,-80.7391036
35.3097865,-80.7390767
35.3097602,-80.7390171
35.3097372,-80.7389587
35.3097044,-80.7388561
35.3096677,-80.7387696
35.3096409,-80.7387314
35.3096147,-80.7386932
35.3095955,-80.7386583
35.309566,-80.7386214
35.3095408,-80.7385852
35.3095211,-80.7385544
35.3094976,-80.7385148
35.3094691,-80.7384759
35.3094434,-80.7384377
35.3094018,-80.7383787
35.309375,-80.7383438
35.3093531,-80.7383089
35.3093318,-80.7382774
35.3093099,-80.7382499
35.3092683,-80.7381909
35.3092437,-80.7381514
35.309213,-80.7381078
35.3091884,-80.7380756
35.3091616,-80.7380367
35.3091342,-80.7379924
35.3091091,-80.7379576
35.3090861,-80.7379287
35.3090604,-80.7378945
35.3090352,-80.737859
35.3090127,-80.7378235
35.3089848,-80.7377846
35.3089613,-80.7377477
35.3089285,-80.7377034
35.3089049,-80.7376679
35.3088847,-80.7376384
35.3088595,-80.7376029
35.3088365,-80.737566
35.3088103,-80.7375365
35.3087884,-80.7375016
35.3087599,-80.7374674
35.308738,-80.7374245
35.3087107,-80.7373896
35.3086751,-80.737348
35.3086554,-80.7373152
35.3086248,-80.7372743
35.3085991,-80.7372354
35.308558,-80.7371844
35.3085285,-80.7371402
35.3084978,-80.7370959
35.308465,-80.7370497
35.3084349,-80.7370061
35.3083928,-80.7369444
35.3083495,-80.7368813
35.3083118,-80.7368317
35.3082729,-80.736772
35.3082385,-80.7367271
35.30821,-80.7366916
35.3081635,-80.7366319
35.3081213,-80.7366312
35.3080798,-80.7366366
35.3080474,-80.7366496
35.3084103,-80.7369695
35.3084623,-80.7369219
35.3085022,-80.7369159
35.3085454,-80.736887
35.3085777,-80.7368482
35.3085985,-80.7368012
35.3085985,-80.7367482
35.3085744,-80.7367013
35.3085542,-80.7366705
35.3085438,-80.736643
35.3085482,-80.7365974
35.3085443,-80.7365967
35.3081635,-80.7366319
35.3082188,-80.7366296
35.3082549,-80.7366275
35.308291,-80.7366255
35.3083222,-80.7366222
35.3083545,-80.7366228
35.3083846,-80.7366188
35.3084256,-80.7366108
35.3084579,-80.7366068
35.3084924,-80.7366041
35.3085235,-80.7366
35.3085482,-80.7365974
35.3105075,-80.7383802
35.3104862,-80.7383424
35.3104676,-80.7383156
35.3104326,-80.7383156
35.3103867,-80.7383438
35.310344,-80.7383639
35.3103101,-80.7383894
35.3102772,-80.7384055
35.3102345,-80.7384296
35.3101962,-80.7384537
35.3101557,-80.7384792
35.3101229,-80.7384993
35.3100835,-80.7385221
35.3100408,-80.7385503
35.3099992,-80.7385798
35.3099598,-80.7385999
35.309927,-80.7386187
35.3098898,-80.7386415
35.3098471,-80.7386737
35.3097968,-80.7386992
35.3097508,-80.738726
35.3096994,-80.7387488
35.3096611,-80.7387635
35.3096677,-80.7387696
35.3105075,-80.7383802
35.3105218,-80.7382926
35.3105229,-80.7382094
35.3105338,-80.7381363
35.3105437,-80.7380565
35.310553,-80.7379788
35.3105579,-80.7379258
35.3105628,-80.7378815
35.3105596,-80.7378312
35.3105552,-80.7377736
35.3105524,-80.7377367
35.3105475,-80.7376978
35.3105415,-80.7376368
35.3105306,-80.7375811
35.3105245,-80.7375275
35.3105202,-80.7374839
35.3105076,-80.7374309
35.3104972,-80.737382
35.3104966,-80.7373437
35.3104928,-80.7372914
35.3104868,-80.7372438
35.310478,-80.7371949
35.3104704,-80.7371365
35.3104638,-80.7370876
35.3104518,-80.7370333
35.310443,-80.7369776
35.3104299,-80.7369226
35.3104178,-80.736869
35.3104069,-80.736818
35.3103965,-80.7367758
35.3103817,-80.7367
35.3103675,-80.7366269
35.3103555,-80.7365726
35.3103423,-80.736525
35.3103297,-80.736476
35.3103188,-80.7364365
35.3103024,-80.7363875
35.3102849,-80.7363399
35.3102706,-80.736293
35.3102559,-80.7362467
35.3102433,-80.7362078
35.3102312,-80.7361823
35.3102176,-80.7361428
35.3101918,-80.7360858
35.3101743,-80.7360355
35.3101645,-80.7360033
35.3085482,-80.7365974
35.3085943,-80.7365871
35.3086386,-80.7365844
35.3086737,-80.7365824
35.3086983,-80.7365797
35.3086967,-80.7365301
35.3086967,-80.7364671
35.3086961,-80.7364188
35.3086983,-80.7363779
35.3087005,-80.7363645
35.3087339,-80.7363665
35.308764,-80.7363692
35.3087869,-80.7363678
35.3088198,-80.7363685
35.3088532,-80.7363678
35.3088832,-80.7363672
35.3089144,-80.7363665
35.3089538,-80.7363651
35.308996,-80.7363645
35.3090255,-80.7363645
35.3090551,-80.7363651
35.3090906,-80.7363638
35.3091235,-80.7363625
35.3091629,-80.7363611
35.3091984,-80.7363551
35.3092269,-80.7363571
35.3092723,-80.7363584
35.3093073,-80.7363544
35.3093473,-80.7363537
35.3093889,-80.736347
35.309431,-80.736343
35.3094627,-80.7363417
35.3095076,-80.7363377
35.3095328,-80.736331
35.3095662,-80.7363229
35.3095979,-80.7363115
35.309634,-80.7363035
35.3096619,-80.7362887
35.3096991,-80.7362679
35.3097237,-80.7362565
35.309756,-80.7362431
35.3097938,-80.7362176
35.3098365,-80.7361935
35.3098616,-80.7361774
35.3099049,-80.7361546
35.3099475,-80.7361311
35.3099727,-80.7361144
35.3100198,-80.7360875
35.3100488,-80.7360674
35.3100904,-80.7360433
35.3101237,-80.7360238
35.3101478,-80.7360138
35.3101645,-80.7360033
35.3087005,-80.7363645
35.3086532,-80.736365
35.3086302,-80.736367
35.3086007,-80.736369
35.3085651,-80.7363677
35.3085317,-80.7363697
35.3084896,-80.736367
35.3084671,-80.7363683
35.3084425,-80.7363683
35.308413,-80.7363697
35.3083823,-80.736367
35.3083566,-80.7363697
35.3083303,-80.7363703
35.3082986,-80.7363697
35.3082625,-80.7363697
35.3082357,-80.736369
35.308205,-80.736369
35.30817,-80.7363677
35.3081339,-80.7363656
35.3080978,-80.7363697
35.3080666,-80.7363683
35.3080354,-80.7363703
35.3080327,-80.7364253
35.3080332,-80.7364642
35.3080316,-80.7365051
35.308031,-80.7365433
35.3080316,-80.7365775
35.3080321,-80.7366184
35.3080474,-80.7366496
35.3080354,-80.7363703
35.3080141,-80.7363844
35.3079779,-80.7363844
35.3079413,-80.7363824
35.3079074,-80.7363831
35.3078701,-80.7363797
35.3078701,-80.736428
35.3078707,-80.7364662
35.3078712,-80.7365219
35.307874,-80.7365715
35.3078553,-80.7366073
35.3092946,-80.7413815
35.3093075,-80.7413617
35.3093266,-80.7413376
35.3093458,-80.7413181
35.3093649,-80.7413014
35.3093873,-80.7412806
35.3094032,-80.7412625
35.3094229,-80.7412437
35.3094404,-80.7412263
35.3094612,-80.7412088
35.3094793,-80.7411887
35.3095001,-80.7411713
35.3095165,-80.7411518
35.3095313,-80.7411391
35.3095496,-80.74112
35.3095496,-80.74112
35.3095657,-80.7411458
35.3095838,-80.7411693
35.3096029,-80.7411947
35.3096254,-80.7412289
35.309644,-80.7412524
35.3096615,-80.7412698
35.3096812,-80.741296
35.3097003,-80.7413108
35.3097189,-80.7413289
35.3097375,-80.7413423
35.3097611,-80.7413664
35.3097769,-80.7413778
35.3097928,-80.7413899
35.3098103,-80.7414053
35.3098306,-80.7414167
35.3098514,-80.7414288
35.3098722,-80.7414402
35.309893,-80.7414496
35.3099176,-80.741461
35.3099411,-80.7414697
35.3099608,-80.741477
35.3099832,-80.7414878
35.3100095,-80.7414938
35.3100352,-80.7414992
35.3100571,-80.7415039
35.3100823,-80.7415099
35.3101069,-80.7415139
35.3101321,-80.7415173
35.3101594,-80.7415193
35.3101868,-80.74152
35.3101868,-80.74152
35.3102076,-80.74152
35.3102289,-80.7415193
35.3102492,-80.7415159
35.3102711,-80.7415126
35.3102935,-80.7415079
35.3103148,-80.7415052
35.3103334,-80.7415012
35.3103581,-80.7414952
35.3103816,-80.7414878
35.3104029,-80.7414804
35.3104259,-80.7414724
35.31045,-80.7414636
35.3104752,-80.7414529
35.3104971,-80.7414422
35.310514,-80.7414335
35.3105343,-80.7414214
35.3105545,-80.741408
35.3105748,-80.7413973
35.3105945,-80.7413838
35.3106103,-80.7413704
35.3106295,-80.7413557
35.3106486,-80.7413409
35.3106661,-80.7413396
35.3106886,-80.7413429
35.3107094,-80.7413376
35.3107296,-80.7413248
35.3107477,-80.7413168
35.3107685,-80.741304
35.3107871,-80.741292
35.3108073,-80.7412806
35.3108073,-80.7412806
35.3108268,-80.741277
35.310846,-80.7412737
35.3108646,-80.7412717
35.3108876,-80.741271
35.3109089,-80.741269
35.3109313,-80.7412663
35.310951,-80.7412542
35.3109702,-80.7412415
35.310985,-80.7412294
35.3095496,-80.74112
35.3095725,-80.7410955
35.3095867,-80.74108
35.3096048,-80.7410599
35.3096185,-80.7410445
35.3096393,-80.7410224
35.3096573,-80.7410063
35.3096759,-80.7409835
35.3096962,-80.740964
35.3097208,-80.7409399
35.3097438,-80.7409137
35.3097635,-80.7408923
35.3097837,-80.7408762
35.309798,-80.7408997
35.3098138,-80.7409211
35.3098281,-80.7409419
35.3098412,-80.7409613
35.3098532,-80.7409835
35.3098707,-80.7410096
35.3098893,-80.7410364
35.3099063,-80.7410626
35.3099216,-80.7410874
35.3099386,-80.7411142
35.3099386,-80.7411142
35.3099583,-80.7411424
35.3099731,-80.7411659
35.3099884,-80.7411866
35.310001,-80.7412041
35.3100157,-80.7412229
35.3100322,-80.7412497
35.3100447,-80.7412711
35.3100623,-80.7412933
35.310077,-80.7413127
35.3100913,-80.7413355
35.3101082,-80.7413536
35.3101246,-80.7413717
35.3101449,-80.7413925
35.3101629,-80.7414113
35.310181,-80.7414307
35.3101963,-80.7414462
35.3102138,-80.7414622
35.3102308,-80.7414777
35.3102456,-80.7414918
35.3102653,-80.7415112
35.3106971,-80.7418793
35.3107221,-80.7418711
35.3107462,-80.7418643
35.3107675,-80.741855
35.3107911,-80.7418462
35.3108179,-80.7418348
35.310837,-80.7418268
35.3108567,-80.7418141
35.3108753,-80.7418006
35.3108934,-80.7417866
35.3109109,-80.7417698
35.3109311,-80.7417504
35.3109497,-80.7417336
35.3109689,-80.7417155
35.3109848,-80.7417014
35.3109984,-80.7416826
35.3110143,-80.7416632
35.3110291,-80.7416471
35.3110372,-80.7416432
35.3110236,-80.7416136
35.3110116,-80.7415921
35.3109963,-80.7415686
35.3109831,-80.7415485
35.3109678,-80.7415297
35.3109552,-80.7415069
35.3109361,-80.7414734
35.3109164,-80.7414439
35.3109065,-80.7414131
35.3109016,-80.7413795
35.3109071,-80.7413547
35.3109125,-80.7413205
35.3109197,-80.741291
35.3109313,-80.7412663
35.310985,-80.7412294
35.3109979,-80.7412072
35.3110171,-80.7411844
35.3110329,-80.7411683
35.3110499,-80.7411502
35.3110685,-80.7411301
35.311086,-80.7411127
35.3111035,-80.7410912
35.3111205,-80.7410711
35.3111363,-80.7410557
35.3111374,-80.7410201
35.3111566,-80.741006
35.3111763,-80.7410101
35.3111965,-80.7409993
35.3112162,-80.7409772
35.3112354,-80.7409544
35.3112633,-80.7409296
35.311283,-80.7409088
35.3113021,-80.7408873
35.3113218,-80.7408679
35.3113415,-80.7408464
35.3113634,-80.7408257
35.3113831,-80.7408082
35.3114017,-80.7407935
35.3114165,-80.7407854
35.3114384,-80.7407787
35.3114592,-80.7407774
35.3114822,-80.740776
35.3114997,-80.7407747
35.3115248,-80.740772
35.3115495,-80.7407606
35.311573,-80.7407392
35.3115949,-80.740715
35.3115997,-80.7407085
35.3116146,-80.7407358
35.3116294,-80.7407546
35.3116447,-80.7407747
35.3116605,-80.7408008
35.3116763,-80.7408225
35.3116868,-80.7408424
35.3117021,-80.7408692
35.3117175,-80.740892
35.3117311,-80.7409101
35.3117454,-80.7409303
35.3117618,-80.7409517
35.3092946,-80.7413815
35.309312,-80.7414023
35.3093279,-80.7414157
35.3093443,-80.7414385
35.3093607,-80.741464
35.309376,-80.7414841
35.3093908,-80.7415049
35.3094056,-80.741525
35.3094231,-80.7415478
35.3094395,-80.7415652
35.3094537,-80.7415826
35.3094691,-80.7415974
35.3094871,-80.7416175
35.3095008,-80.7416316
35.309515,-80.7416443
35.3095304,-80.7416584
35.3095495,-80.7416779
35.3095703,-80.7416946
35.3095889,-80.7417074
35.3096059,-80.7417194
35.3096212,-80.7417315
35.3096382,-80.7417429
35.30966,-80.7417563
35.3096781,-80.7417697
35.3096973,-80.7417818
35.3097126,-80.7417898
35.3097317,-80.7417992
35.309747,-80.7418059
35.3097646,-80.741818
35.3097832,-80.7418301
35.3097979,-80.7418381
35.3098082,-80.7418483
35.3110372,-80.7416432
35.3110589,-80.7416208
35.3110775,-80.7416007
35.3110955,-80.741584
35.311112,-80.7415652
35.3111322,-80.7415417
35.3111508,-80.7415256
35.3111705,-80.7415042
35.3111929,-80.7414834
35.3112094,-80.7414619
35.3112263,-80.7414418
35.3112488,-80.7414237
35.3112675,-80.7414012
35.3112882,-80.7413841
35.3113062,-80.7413633
35.3113292,-80.7413372
35.3113511,-80.7413184
35.311373,-80.7412943
35.3113927,-80.7412742
35.3114146,-80.7412493
35.3114343,-80.7412326
35.3112675,-80.7414012
35.3112863,-80.741425
35.3112994,-80.7414464
35.3113147,-80.7414699
35.3113268,-80.7414833
35.3113382,-80.7415021
35.3113541,-80.7415209
35.3113683,-80.7415383
35.3113755,-80.741549
35.3113875,-80.7415665
35.3113979,-80.7415839
35.3114116,-80.7415993
35.3114231,-80.7416161
35.3114373,-80.7416395
35.3114482,-80.741657
35.3114597,-80.7416208
35.3114729,-80.7415966
35.3114887,-80.7415644
35.3115046,-80.741543
35.3115227,-80.7415323
35.3115423,-80.7415182
35.3115653,-80.7415108
35.3115856,-80.7415054
35.3116058,-80.7415041
35.3116239,-80.7415074
35.3116485,-80.7414967
35.3116687,-80.7414766
35.3116901,-80.7414558
35.3117071,-80.741439
35.3114482,-80.741657
35.3114614,-80.7416798
35.3114707,-80.7416965
35.3114882,-80.7417039
35.3115144,-80.7416999
35.3115369,-80.7416965
35.3115648,-80.7416825
35.3115938,-80.7416563
35.3116179,-80.7416214
35.3116332,-80.7415879
35.3116414,-80.7415551
35.3116419,-80.7415235
35.3116485,-80.7414967
35.31147,-80.7417016
35.3114893,-80.741726
35.3115079,-80.7417468
35.3115227,-80.7417663
35.3115369,-80.7417851
35.3115538,-80.7418045
35.3115681,-80.7418246
35.3115812,-80.7418434
35.3115938,-80.7418595
35.3116058,-80.7418762
35.3116184,-80.7418957
35.3116376,-80.7419165
35.3116512,-80.7419386
35.3116616,-80.7419581
35.311672,-80.7419768
35.3116746,-80.7419926
35.3116746,-80.7419926
35.3116927,-80.7419714
35.311708,-80.7419573
35.3117217,-80.7419399
35.3117425,-80.7419204
35.3117589,-80.7418996
35.3117731,-80.7418842
35.3117912,-80.7418688
35.3118065,-80.7418507
35.311812,-80.7418151
35.3118114,-80.741789
35.3118043,-80.7417682
35.3117895,-80.7417474
35.3117753,-80.741726
35.3117567,-80.7416998
35.3117403,-80.7416777
35.3117299,-80.7416609
35.3117195,-80.7416462
35.3117064,-80.7416281
35.3116916,-80.7416079
35.3116812,-80.7415898
35.3116637,-80.7415657
35.3116505,-80.7415462
35.3116419,-80.7415235
35.3115528,-80.7428405
35.3115397,-80.7428237
35.3115255,-80.7428069
35.311508,-80.7427855
35.311502,-80.7427774
35.3115386,-80.7427432
35.3115594,-80.7427151
35.3115736,-80.7427023
35.3115966,-80.7426802
35.3116158,-80.7426601
35.3116344,-80.7426393
35.3116574,-80.7426152
35.3116814,-80.7425924
35.3116995,-80.7425803
35.3117126,-80.7425709
35.3116918,-80.7425427
35.3116727,-80.7425226
35.3116541,-80.7424991
35.3116393,-80.742475
35.3116201,-80.7424542
35.3116026,-80.7424308
35.3115815,-80.7423975
35.3115815,-80.7423975
35.3115623,-80.7423695
35.311541,-80.7423414
35.3115273,-80.7423199
35.3115125,-80.7423011
35.3114994,-80.7422783
35.3114802,-80.7422522
35.3114644,-80.7422334
35.3114578,-80.7422231
35.3114578,-80.7422231
35.311478,-80.7422012
35.3114994,-80.7421791
35.3115245,-80.7421569
35.3115459,-80.7421355
35.311565,-80.7421147
35.3115815,-80.7420973
35.3115984,-80.7420792
35.3116148,-80.7420604
35.311634,-80.7420409
35.3116482,-80.7420228
35.3116597,-80.7420047
35.3116746,-80.7419926
35.3116239,-80.7415074
35.3116066,-80.7414834
35.3115913,-80.7414586
35.3115743,-80.7414318
35.3115574,-80.741409
35.3115404,-80.7413829
35.3115229,-80.7413614
35.3115059,-80.7413359
35.3114917,-80.7413124
35.3114753,-80.741287
35.3114583,-80.7412642
35.311437,-80.7412367
35.3114383,-80.7412322
35.3114383,-80.7412322
35.3114167,-80.7412025
35.3113971,-80.741177
35.3113856,-80.7411609
35.3113713,-80.7411441
35.3109759,-80.74154
35.3109986,-80.7415167
35.3110173,-80.741498
35.3110364,-80.7414799
35.3110539,-80.7414644
35.3110703,-80.7414483
35.3110846,-80.7414336
35.3111004,-80.7414161
35.3111207,-80.7413967
35.3111409,-80.7413739
35.3111617,-80.7413538
35.3111836,-80.741331
35.3111989,-80.7413156
35.3112062,-80.7413073
35.3112062,-80.7413073
35.3112272,-80.7412885
35.311248,-80.7412664
35.3112677,-80.7412476
35.3112863,-80.7412295
35.3113065,-80.7412088
35.3113273,-80.7411866
35.3113459,-80.7411672
35.3113618,-80.7411504
35.3113733,-80.741139
35.3113733,-80.741139
35.3113932,-80.7411191
35.3114129,-80.741101
35.311432,-80.7410822
35.3114506,-80.7410641
35.311472,-80.7410407
35.3114889,-80.7410232
35.3115064,-80.7410071
35.3115229,-80.7409904
35.3115415,-80.7409716
35.3115557,-80.7409562
35.311571,-80.7409387
35.311588,-80.74092
35.3116038,-80.7409046
35.3116241,-80.7408885
35.3116372,-80.740873
35.3116514,-80.7408563
35.3116646,-80.7408422
35.3116804,-80.7408274
35.3114343,-80.7412326
35.3114523,-80.741215
35.311472,-80.7411936
35.31149,-80.7411734
35.3115092,-80.7411547
35.3115283,-80.7411325
35.3115475,-80.7411124
35.3115644,-80.7410957
35.311583,-80.7410762
35.3116016,-80.7410541
35.3116213,-80.7410346
35.3116432,-80.7410132
35.3116607,-80.7409944
35.3116766,-80.740977
35.3116941,-80.7409582
35.3117149,-80.7409361
35.3117341,-80.7409153
35.3117341,-80.7409153
35.311756,-80.7408945
35.3117795,-80.7408724
35.3118008,-80.7408522
35.31182,-80.7408281
35.311843,-80.7408033
35.3118637,-80.7407785
35.3118851,-80.740751
35.3119026,-80.7407336
35.3119201,-80.7407074
35.3119321,-80.7406866
35.3119453,-80.7406605
35.3119562,-80.7406323
35.3119683,-80.7406008
35.3119787,-80.7405686
35.3119907,-80.7405331
35.3120022,-80.7404955
35.3120126,-80.7404653
35.3120213,-80.7404305
35.3120268,-80.740403
35.3120345,-80.7403661
35.3120367,-80.7403285
35.3120334,-80.7403151
35.3120246,-80.7402984
35.3120106,-80.7403068
35.3120106,-80.7403068
35.3119973,-80.7403212
35.3119869,-80.7403433
35.311977,-80.7403641
35.3119639,-80.7403936
35.3119535,-80.7404238
35.3119442,-80.7404466
35.3119332,-80.740468
35.3119217,-80.7404928
35.3119108,-80.7405123
35.3118988,-80.740529
35.3118862,-80.7405498
35.311872,-80.7405767
35.3118528,-80.7406048
35.3118347,-80.740635
35.3118194,-80.7406571
35.3118041,-80.7406752
35.3117866,-80.7406953
35.3117685,-80.7407195
35.3117521,-80.7407383
35.3117373,-80.7407557
35.3117215,-80.7407758
35.3117023,-80.7407966
35.3116881,-80.7408154
35.3116804,-80.7408274
35.3112675,-80.7414012
35.3112536,-80.7413803
35.3112383,-80.7413568
35.3112235,-80.741334
35.3112142,-80.7413199
35.3112062,-80.7413073
35.3097837,-80.7408762
35.3097621,-80.7408498
35.3097315,-80.7408082
35.3097019,-80.7407626
35.3096713,-80.7407223
35.3096373,-80.7406781
35.3096034,-80.7406338
35.3095782,-80.740599
35.3095487,-80.7405587
35.3095224,-80.7405172
35.3094841,-80.7404608
35.3094502,-80.7404112
35.3094294,-80.7403683
35.3093966,-80.7403133
35.3093747,-80.740265
35.3093629,-80.7402256
35.3114578,-80.7422231
35.3114423,-80.7421966
35.3114242,-80.7421738
35.3114106,-80.7421536
35.3114095,-80.7421275
35.3114237,-80.7421007
35.3114418,-80.7420832
35.3114571,-80.7420651
35.3114374,-80.7420329
35.3114188,-80.7420095
35.3114045,-80.7419894
35.3113914,-80.7419706
35.311375,-80.7419444
35.3113586,-80.7419169
35.3113405,-80.7418854
35.3113292,-80.7418597
35.3114707,-80.7416965
35.3114559,-80.7417126
35.3114433,-80.741728
35.3114264,-80.7417441
35.3114154,-80.7417622
35.3114006,-80.7417743
35.3113886,-80.741789
35.3113716,-80.7418078
35.3113547,-80.7418286
35.3113372,-80.7418474
35.3113292,-80.7418597
35.3113292,-80.7418597
35.311318,-80.741836
35.3113038,-80.7418092
35.3112901,-80.741787
35.3112715,-80.7417656
35.3112573,-80.7417468
35.3112409,-80.74172
35.3112255,-80.7416985
35.3112075,-80.741675
35.3111905,-80.7416978
35.3111714,-80.7416898
35.3111489,-80.7416958
35.3111353,-80.7417079
35.3111172,-80.7416992
35.3111172,-80.7416992
35.3111024,-80.7416777
35.3110866,-80.7416522
35.3110679,-80.7416375
35.3110488,-80.7416321
35.3117318,-80.7420551
35.3117223,-80.742043
35.3117119,-80.7420302
35.3116998,-80.7420135
35.3116845,-80.741996
35.3116758,-80.741988
35.3118921,-80.7418768
35.3118804,-80.7418874
35.3118591,-80.7418981
35.3118416,-80.7419001
35.3118312,-80.7419102
35.3118191,-80.7419229
35.3118065,-80.7419343
35.3117912,-80.7419491
35.3117775,-80.7419645
35.3117677,-80.7419786
35.3117524,-80.7420014
35.3117453,-80.7420215
35.3117403,-80.7420363
35.3117318,-80.7420551
35.309086,-80.7404268
35.3090914,-80.7403808
35.3091018,-80.7403366
35.3091083,-80.7403165
35.3091248,-80.7402628
35.3091362,-80.7402226
35.3091466,-80.7401844
35.3091565,-80.7401481
35.3091696,-80.7401093
35.3091778,-80.7400811
35.3091888,-80.7400442
35.3091997,-80.7400107
35.3092068,-80.7399678
35.3092112,-80.7399262
35.309226,-80.7398953
35.3092424,-80.7398786
35.3092621,-80.7398645
35.3092813,-80.7398538
35.3093097,-80.7398491
35.30933,-80.7398504
35.3093442,-80.7398712
35.3093464,-80.7399014
35.3093464,-80.7399342
35.3093458,-80.7399678
35.3093453,-80.7399966
35.3093447,-80.7400342
35.309348,-80.740069
35.309348,-80.7401039
35.3093507,-80.7401354
35.3093546,-80.740175
35.3093568,-80.7402004
35.3093661,-80.7402333
35.3093487,-80.7398313
35.309342,-80.7398598
35.3091648,-80.7403772
35.3091849,-80.7403587
35.309203,-80.7403466
35.3092227,-80.7403325
35.3092397,-80.7403191
35.3092566,-80.7403077
35.3092763,-80.7402916
35.309296,-80.7402816
35.3093124,-80.7402682
35.3093294,-80.7402528
35.3093453,-80.740242
35.3093661,-80.7402333
35.3091745,-80.7400945
35.3091592,-80.7400838
35.3091423,-80.7400724
35.3091226,-80.7400603
35.3090996,-80.7400456
35.3090821,-80.7400335
35.3090755,-80.740006
35.3090618,-80.7399926
35.309041,-80.7399892
35.3090268,-80.7399906
35.3090164,-80.7399869
35.3087872,-80.7397606
35.3088009,-80.7397767
35.3088157,-80.7397914
35.3088348,-80.7398095
35.3088556,-80.739827
35.3088699,-80.7398417
35.3088874,-80.7398571
35.3089054,-80.7398725
35.3089279,-80.7398947
35.3089405,-80.7399088
35.3089536,-80.7399255
35.3089705,-80.7399409
35.3089897,-80.7399604
35.3090017,-80.7399738
35.3090164,-80.7399869
35.3088529,-80.7405136
35.3088682,-80.7404941
35.3088759,-80.7404754
35.3088852,-80.7404512
35.3088956,-80.7404237
35.3089054,-80.7404009
35.3089131,-80.7403808
35.3089218,-80.740358
35.3089295,-80.7403366
35.3089426,-80.7403057
35.308953,-80.7402749
35.308964,-80.7402487
35.3089738,-80.7402199
35.3089815,-80.7401857
35.3089908,-80.7401589
35.3089968,-80.740126
35.3090039,-80.7400958
35.3090089,-80.7400569
35.3090116,-80.7400301
35.3090143,-80.740006
35.3090164,-80.7399869
35.3117149,-80.7409361
35.311728,-80.7409357
35.3117454,-80.7409303
35.311751,-80.7409163
35.3117515,-80.7409008
35.3117362,-80.7408981
35.3117225,-80.7408981
35.3117132,-80.7408854
35.3104976,-80.7418885
35.3105155,-80.7418751
35.310533,-80.7418658
35.3105538,-80.7418564
35.3105735,-80.7418497
35.3105921,-80.7418403
35.3106151,-80.7418269
35.310637,-80.7418161
35.310661,-80.7418054
35.3106851,-80.7417893
35.3107125,-80.7417746
35.3107344,-80.7417598
35.3107562,-80.7417424
35.3107748,-80.7417263
35.3107945,-80.7417102
35.3108164,-80.7416954
35.3108372,-80.741674
35.3108613,-80.7416539
35.3108832,-80.7416337
35.3109051,-80.7416136
35.3109281,-80.7415962
35.3109467,-80.7415734
35.3109609,-80.7415586
35.3109759,-80.74154
35.3118065,-80.7418507
35.3118266,-80.7418225
35.3118355,-80.7418169
35.3118233,-80.7417997
35.3118102,-80.7417809
35.3119099,-80.7417498
35.3119344,-80.7417286
35.311953,-80.7417112
35.3119689,-80.7416938
35.3119875,-80.741671
35.3120061,-80.7416508
35.3120225,-80.7416388
35.3120389,-80.7416227
35.3120509,-80.7416099
35.3120695,-80.7415892
35.3120892,-80.7415684
35.3121046,-80.7415516
35.3121215,-80.7415355
35.3121363,-80.7415141
35.3121469,-80.741497
35.3117618,-80.7409517
35.3117801,-80.7409749
35.3118031,-80.7410058
35.3118337,-80.74105
35.3118463,-80.7410742
35.3118704,-80.7411111
35.3118862,-80.7411332
35.3118983,-80.741152
35.3119152,-80.7411768
35.31193,-80.7412036
35.3119448,-80.7412237
35.3119606,-80.7412465
35.3119716,-80.7412774
35.3119979,-80.7413089
35.3120225,-80.7413444
35.31204,-80.7413665
35.3120564,-80.7413867
35.312075,-80.7414188
35.3120892,-80.7414349
35.3121046,-80.7414564
35.312121,-80.7414718
35.3121363,-80.7414933
35.3121469,-80.741497